/BATCH
/TITLE, ECTC V-2 hotspot spreading, patch=2000 um
/PREP7
ET,1,SOLID70
MP,KXX,1,5
MP,DENS,1,1.0
MP,C,1,2000000
MP,KXX,2,110
MP,DENS,2,1.0
MP,C,2,1631000
MP,KXX,3,2.5
MP,DENS,3,1.0
MP,C,3,2070000
MP,KXX,4,1.6
MP,DENS,4,1.0
MP,C,4,2074000
! z column of nodes at (0,0), then replicate in x and y
N,1,0,0,0.000000000e+00
N,2,0,0,1.250000000e-05
N,3,0,0,2.500000000e-05
N,4,0,0,3.750000000e-05
N,5,0,0,5.000000000e-05
N,6,0,0,7.500000000e-05
N,7,0,0,1.000000000e-04
N,8,0,0,1.250000000e-04
N,9,0,0,1.500000000e-04
N,10,0,0,1.750000000e-04
N,11,0,0,2.000000000e-04
N,12,0,0,2.250000000e-04
N,13,0,0,2.500000000e-04
N,14,0,0,2.750000000e-04
N,15,0,0,3.000000000e-04
N,16,0,0,3.250000000e-04
N,17,0,0,3.500000000e-04
N,18,0,0,3.750000000e-04
N,19,0,0,4.000000000e-04
N,20,0,0,4.250000000e-04
N,21,0,0,4.500000000e-04
N,22,0,0,4.750000000e-04
N,23,0,0,5.000000000e-04
N,24,0,0,5.250000000e-04
N,25,0,0,5.500000000e-04
N,26,0,0,5.510000000e-04
N,27,0,0,5.530000000e-04
N,28,0,0,5.550000000e-04
N,29,0,0,5.570000000e-04
N,30,0,0,5.590000000e-04
N,31,0,0,5.590500000e-04
N,32,0,0,5.591250000e-04
N,33,0,0,5.592000000e-04
N,34,0,0,5.592750000e-04
N,35,0,0,5.593500000e-04
N,36,0,0,5.594000000e-04
N,37,0,0,5.594750000e-04
N,38,0,0,5.595500000e-04
N,39,0,0,5.596250000e-04
N,40,0,0,5.597000000e-04
NGEN,41,40,1,40,1,5.000000000e-05,0,0
NGEN,41,1640,1,1640,1,0,5.000000000e-05,0
TYPE,1
MAT,1
E,1,41,1681,1641,2,42,1682,1642
EGEN,40,40,-1
EGEN,40,1640,-40
MAT,1
E,2,42,1682,1642,3,43,1683,1643
EGEN,40,40,-1
EGEN,40,1640,-40
MAT,1
E,3,43,1683,1643,4,44,1684,1644
EGEN,40,40,-1
EGEN,40,1640,-40
MAT,1
E,4,44,1684,1644,5,45,1685,1645
EGEN,40,40,-1
EGEN,40,1640,-40
MAT,2
E,5,45,1685,1645,6,46,1686,1646
EGEN,40,40,-1
EGEN,40,1640,-40
MAT,2
E,6,46,1686,1646,7,47,1687,1647
EGEN,40,40,-1
EGEN,40,1640,-40
MAT,2
E,7,47,1687,1647,8,48,1688,1648
EGEN,40,40,-1
EGEN,40,1640,-40
MAT,2
E,8,48,1688,1648,9,49,1689,1649
EGEN,40,40,-1
EGEN,40,1640,-40
MAT,2
E,9,49,1689,1649,10,50,1690,1650
EGEN,40,40,-1
EGEN,40,1640,-40
MAT,2
E,10,50,1690,1650,11,51,1691,1651
EGEN,40,40,-1
EGEN,40,1640,-40
MAT,2
E,11,51,1691,1651,12,52,1692,1652
EGEN,40,40,-1
EGEN,40,1640,-40
MAT,2
E,12,52,1692,1652,13,53,1693,1653
EGEN,40,40,-1
EGEN,40,1640,-40
MAT,2
E,13,53,1693,1653,14,54,1694,1654
EGEN,40,40,-1
EGEN,40,1640,-40
MAT,2
E,14,54,1694,1654,15,55,1695,1655
EGEN,40,40,-1
EGEN,40,1640,-40
MAT,2
E,15,55,1695,1655,16,56,1696,1656
EGEN,40,40,-1
EGEN,40,1640,-40
MAT,2
E,16,56,1696,1656,17,57,1697,1657
EGEN,40,40,-1
EGEN,40,1640,-40
MAT,2
E,17,57,1697,1657,18,58,1698,1658
EGEN,40,40,-1
EGEN,40,1640,-40
MAT,2
E,18,58,1698,1658,19,59,1699,1659
EGEN,40,40,-1
EGEN,40,1640,-40
MAT,2
E,19,59,1699,1659,20,60,1700,1660
EGEN,40,40,-1
EGEN,40,1640,-40
MAT,2
E,20,60,1700,1660,21,61,1701,1661
EGEN,40,40,-1
EGEN,40,1640,-40
MAT,2
E,21,61,1701,1661,22,62,1702,1662
EGEN,40,40,-1
EGEN,40,1640,-40
MAT,2
E,22,62,1702,1662,23,63,1703,1663
EGEN,40,40,-1
EGEN,40,1640,-40
MAT,2
E,23,63,1703,1663,24,64,1704,1664
EGEN,40,40,-1
EGEN,40,1640,-40
MAT,2
E,24,64,1704,1664,25,65,1705,1665
EGEN,40,40,-1
EGEN,40,1640,-40
MAT,2
E,25,65,1705,1665,26,66,1706,1666
EGEN,40,40,-1
EGEN,40,1640,-40
MAT,3
E,26,66,1706,1666,27,67,1707,1667
EGEN,40,40,-1
EGEN,40,1640,-40
MAT,3
E,27,67,1707,1667,28,68,1708,1668
EGEN,40,40,-1
EGEN,40,1640,-40
MAT,3
E,28,68,1708,1668,29,69,1709,1669
EGEN,40,40,-1
EGEN,40,1640,-40
MAT,3
E,29,69,1709,1669,30,70,1710,1670
EGEN,40,40,-1
EGEN,40,1640,-40
MAT,4
E,30,70,1710,1670,31,71,1711,1671
EGEN,40,40,-1
EGEN,40,1640,-40
MAT,3
E,31,71,1711,1671,32,72,1712,1672
EGEN,40,40,-1
EGEN,40,1640,-40
MAT,3
E,32,72,1712,1672,33,73,1713,1673
EGEN,40,40,-1
EGEN,40,1640,-40
MAT,3
E,33,73,1713,1673,34,74,1714,1674
EGEN,40,40,-1
EGEN,40,1640,-40
MAT,3
E,34,74,1714,1674,35,75,1715,1675
EGEN,40,40,-1
EGEN,40,1640,-40
MAT,4
E,35,75,1715,1675,36,76,1716,1676
EGEN,40,40,-1
EGEN,40,1640,-40
MAT,3
E,36,76,1716,1676,37,77,1717,1677
EGEN,40,40,-1
EGEN,40,1640,-40
MAT,3
E,37,77,1717,1677,38,78,1718,1678
EGEN,40,40,-1
EGEN,40,1640,-40
MAT,3
E,38,78,1718,1678,39,79,1719,1679
EGEN,40,40,-1
EGEN,40,1640,-40
MAT,3
E,39,79,1719,1679,40,80,1720,1680
EGEN,40,40,-1
EGEN,40,1640,-40
! 62400 elements
FINISH
/SOLU
ANTYPE,STATIC
NSEL,S,LOC,Z,-1e-9,6.250000000e-06
D,ALL,TEMP,0
ALLSEL,ALL
ESEL,NONE
ESEL,A,CENT,Z,5.590000000e-04,5.590500000e-04
ESEL,A,CENT,Z,5.593500000e-04,5.594000000e-04
ESEL,R,CENT,X,0,1.000000000e-03
ESEL,R,CENT,Y,0,1.000000000e-03
BFE,ALL,HGEN,,1.900000000e+12
ALLSEL,ALL $ SOLVE $ FINISH
/POST1
SET,LAST
ESEL,NONE
ESEL,A,CENT,Z,5.590000000e-04,5.590500000e-04
ESEL,A,CENT,Z,5.593500000e-04,5.594000000e-04
NSLE,S
NSORT,TEMP
*GET,TPK,SORT,0,MAX
ALLSEL,ALL
/OUT,summary,txt
*VWRITE,TPK
('RESULT tier_peak=',E14.7)
/OUT
FINISH
