   0.100000000E-05   0.100030776E+03   0.100001305E+03   0.100005052E+03
   0.145450000E-04   0.100229992E+03   0.100010128E+03   0.100012495E+03
   0.280900000E-04   0.100333516E+03   0.100014826E+03   0.100023914E+03
   0.416350000E-04   0.100401396E+03   0.100018081E+03   0.100036209E+03
   0.551800000E-04   0.100449284E+03   0.100020606E+03   0.100047968E+03
   0.687250000E-04   0.100484351E+03   0.100022719E+03   0.100058704E+03
   0.822700000E-04   0.100510761E+03   0.100024590E+03   0.100068325E+03
   0.958150000E-04   0.100531157E+03   0.100026314E+03   0.100076897E+03
   0.109360000E-03   0.100547283E+03   0.100027944E+03   0.100084536E+03
   0.122905000E-03   0.100560319E+03   0.100029511E+03   0.100091369E+03
   0.136450000E-03   0.100571076E+03   0.100031032E+03   0.100097512E+03
   0.149995000E-03   0.100580125E+03   0.100032519E+03   0.100103070E+03
   0.163540000E-03   0.100587869E+03   0.100033977E+03   0.100108129E+03
   0.177085000E-03   0.100594602E+03   0.100035410E+03   0.100112765E+03
   0.190630000E-03   0.100600539E+03   0.100036822E+03   0.100117037E+03
   0.204175000E-03   0.100605839E+03   0.100038214E+03   0.100120997E+03
   0.217720000E-03   0.100610623E+03   0.100039588E+03   0.100124687E+03
   0.360996000E-03   0.100145356E+03   0.100022740E+03   0.100069396E+03
   0.504272000E-03   0.100059058E+03   0.100018593E+03   0.100040647E+03
   0.647548000E-03   0.100033987E+03   0.100016042E+03   0.100026967E+03
   0.790824000E-03   0.100023715E+03   0.100014014E+03   0.100019597E+03
   0.934100000E-03   0.100018223E+03   0.100012332E+03   0.100015074E+03
   0.107737600E-02   0.100014747E+03   0.100010924E+03   0.100012017E+03
   0.122065200E-02   0.100012317E+03   0.100009736E+03   0.100009808E+03
   0.136392800E-02   0.100010509E+03   0.100008722E+03   0.100008133E+03
   0.150720400E-02   0.100009104E+03   0.100007845E+03   0.100006814E+03
   0.165048000E-02   0.100007973E+03   0.100007075E+03   0.100005742E+03
   0.179375600E-02   0.100007036E+03   0.100006389E+03   0.100004847E+03
   0.193703200E-02   0.100006238E+03   0.100005769E+03   0.100004080E+03
   0.208030800E-02   0.100005544E+03   0.100005201E+03   0.100003408E+03
   0.222358400E-02   0.100004926E+03   0.100004674E+03   0.100002806E+03
   0.236686000E-02   0.100004366E+03   0.100004179E+03   0.100002259E+03
   0.251013600E-02   0.100003851E+03   0.100003711E+03   0.100001753E+03
   0.265341200E-02   0.100003369E+03   0.100003265E+03   0.100001278E+03
   0.279668800E-02   0.100002913E+03   0.100002835E+03   0.100000828E+03
   0.293996400E-02   0.100002477E+03   0.100002418E+03   0.100000397E+03
   0.308324000E-02   0.100002058E+03   0.100002013E+03   0.999999807E+02
   0.322651600E-02   0.100001651E+03   0.100001617E+03   0.999995765E+02
   0.336979200E-02   0.100001254E+03   0.100001228E+03   0.999991818E+02
   0.351306800E-02   0.100000865E+03   0.100000845E+03   0.999987946E+02
   0.365634400E-02   0.100000482E+03   0.100000467E+03   0.999984135E+02
   0.379962000E-02   0.100000105E+03   0.100000093E+03   0.999980372E+02
   0.394289600E-02   0.999997319E+02   0.999997227E+02   0.999976650E+02
   0.408617200E-02   0.999993621E+02   0.999993549E+02   0.999972960E+02
   0.422944800E-02   0.999989952E+02   0.999989896E+02   0.999969296E+02
   0.437272400E-02   0.999986306E+02   0.999986262E+02   0.999965655E+02
   0.451600000E-02   0.999982679E+02   0.999982645E+02   0.999962033E+02
   0.452954500E-02   0.100207494E+03   0.100007499E+03   0.100003988E+03
   0.454309000E-02   0.100316203E+03   0.100012399E+03   0.100015948E+03
   0.455663500E-02   0.100387472E+03   0.100015784E+03   0.100028829E+03
   0.457018000E-02   0.100437740E+03   0.100018402E+03   0.100041147E+03
   0.458372500E-02   0.100474541E+03   0.100020588E+03   0.100052390E+03
   0.459727000E-02   0.100502249E+03   0.100022519E+03   0.100062462E+03
   0.461081500E-02   0.100523639E+03   0.100024296E+03   0.100071432E+03
   0.462436000E-02   0.100540544E+03   0.100025974E+03   0.100079422E+03
   0.463790500E-02   0.100554202E+03   0.100027586E+03   0.100086565E+03
   0.465145000E-02   0.100565468E+03   0.100029150E+03   0.100092984E+03
   0.466499500E-02   0.100574938E+03   0.100030677E+03   0.100098788E+03
   0.467854000E-02   0.100583039E+03   0.100032174E+03   0.100104068E+03
   0.469208500E-02   0.100590078E+03   0.100033646E+03   0.100108903E+03
   0.470563000E-02   0.100596280E+03   0.100035095E+03   0.100113357E+03
   0.471917500E-02   0.100601813E+03   0.100036524E+03   0.100117483E+03
   0.473272000E-02   0.100606804E+03   0.100037933E+03   0.100121325E+03
   0.487599600E-02   0.100142693E+03   0.100021384E+03   0.100066977E+03
   0.501927200E-02   0.100057097E+03   0.100017476E+03   0.100038836E+03
   0.516254800E-02   0.100032492E+03   0.100015114E+03   0.100025572E+03
   0.530582400E-02   0.100022546E+03   0.100013236E+03   0.100018497E+03
   0.544910000E-02   0.100017288E+03   0.100011673E+03   0.100014190E+03
   0.559237600E-02   0.100013985E+03   0.100010360E+03   0.100011294E+03
   0.573565200E-02   0.100011685E+03   0.100009247E+03   0.100009205E+03
   0.587892800E-02   0.100009977E+03   0.100008293E+03   0.100007622E+03
   0.602220400E-02   0.100008647E+03   0.100007464E+03   0.100006374E+03
   0.616548000E-02   0.100007575E+03   0.100006733E+03   0.100005357E+03
   0.630875600E-02   0.100006683E+03   0.100006078E+03   0.100004504E+03
   0.645203200E-02   0.100005921E+03   0.100005483E+03   0.100003771E+03
   0.659530800E-02   0.100005255E+03   0.100004935E+03   0.100003125E+03
   0.673858400E-02   0.100004659E+03   0.100004424E+03   0.100002544E+03
   0.688186000E-02   0.100004117E+03   0.100003943E+03   0.100002013E+03
   0.702513600E-02   0.100003615E+03   0.100003486E+03   0.100001520E+03
   0.716841200E-02   0.100003144E+03   0.100003048E+03   0.100001056E+03
   0.731168800E-02   0.100002697E+03   0.100002625E+03   0.100000614E+03
   0.745496400E-02   0.100002269E+03   0.100002214E+03   0.100000190E+03
   0.759824000E-02   0.100001855E+03   0.100001814E+03   0.999997791E+02
   0.774151600E-02   0.100001453E+03   0.100001421E+03   0.999993793E+02
   0.788479200E-02   0.100001059E+03   0.100001036E+03   0.999989882E+02
   0.802806800E-02   0.100000674E+03   0.100000655E+03   0.999986039E+02
   0.817134400E-02   0.100000294E+03   0.100000279E+03   0.999982251E+02
   0.831462000E-02   0.999999182E+02   0.999999073E+02   0.999978508E+02
   0.845789600E-02   0.999995467E+02   0.999995382E+02   0.999974801E+02
   0.860117200E-02   0.999991783E+02   0.999991717E+02   0.999971124E+02
   0.874444800E-02   0.999988125E+02   0.999988074E+02   0.999967472E+02
   0.888772400E-02   0.999984489E+02   0.999984449E+02   0.999963840E+02
   0.903100000E-02   0.999980871E+02   0.999980839E+02   0.999960226E+02
   0.904454500E-02   0.100207313E+03   0.100007318E+03   0.100003808E+03
   0.905809000E-02   0.100316022E+03   0.100012219E+03   0.100015767E+03
   0.907163500E-02   0.100387291E+03   0.100015603E+03   0.100028648E+03
   0.908518000E-02   0.100437559E+03   0.100018222E+03   0.100040967E+03
   0.909872500E-02   0.100474360E+03   0.100020408E+03   0.100052209E+03
   0.911227000E-02   0.100502068E+03   0.100022339E+03   0.100062282E+03
   0.912581500E-02   0.100523459E+03   0.100024116E+03   0.100071251E+03
   0.913936000E-02   0.100540364E+03   0.100025794E+03   0.100079242E+03
   0.915290500E-02   0.100554022E+03   0.100027406E+03   0.100086385E+03
   0.916645000E-02   0.100565288E+03   0.100028970E+03   0.100092804E+03
   0.917999500E-02   0.100574758E+03   0.100030497E+03   0.100098608E+03
   0.919354000E-02   0.100582859E+03   0.100031994E+03   0.100103888E+03
   0.920708500E-02   0.100589898E+03   0.100033466E+03   0.100108723E+03
   0.922063000E-02   0.100596100E+03   0.100034915E+03   0.100113177E+03
   0.923417500E-02   0.100601634E+03   0.100036344E+03   0.100117303E+03
   0.924772000E-02   0.100606625E+03   0.100037753E+03   0.100121145E+03
   0.939099600E-02   0.100142514E+03   0.100021205E+03   0.100066798E+03
   0.953427200E-02   0.100056918E+03   0.100017297E+03   0.100038658E+03
   0.967754800E-02   0.100032313E+03   0.100014936E+03   0.100025394E+03
   0.982082400E-02   0.100022368E+03   0.100013058E+03   0.100018319E+03
   0.996410000E-02   0.100017111E+03   0.100011496E+03   0.100014013E+03
   0.101073760E-01   0.100013808E+03   0.100010183E+03   0.100011116E+03
   0.102506520E-01   0.100011509E+03   0.100009070E+03   0.100009029E+03
   0.103939280E-01   0.100009800E+03   0.100008117E+03   0.100007446E+03
   0.105372040E-01   0.100008471E+03   0.100007288E+03   0.100006198E+03
   0.106804800E-01   0.100007399E+03   0.100006557E+03   0.100005181E+03
   0.108237560E-01   0.100006507E+03   0.100005902E+03   0.100004328E+03
   0.109670320E-01   0.100005746E+03   0.100005307E+03   0.100003595E+03
   0.111103080E-01   0.100005080E+03   0.100004759E+03   0.100002949E+03
   0.112535840E-01   0.100004484E+03   0.100004249E+03   0.100002369E+03
   0.113968600E-01   0.100003942E+03   0.100003768E+03   0.100001838E+03
   0.115401360E-01   0.100003440E+03   0.100003311E+03   0.100001345E+03
   0.116834120E-01   0.100002969E+03   0.100002873E+03   0.100000881E+03
   0.118266880E-01   0.100002523E+03   0.100002450E+03   0.100000440E+03
   0.119699640E-01   0.100002094E+03   0.100002040E+03   0.100000016E+03
   0.121132400E-01   0.100001681E+03   0.100001640E+03   0.999996052E+02
   0.122565160E-01   0.100001279E+03   0.100001248E+03   0.999992057E+02
   0.123997920E-01   0.100000886E+03   0.100000862E+03   0.999988147E+02
   0.125430680E-01   0.100000500E+03   0.100000482E+03   0.999984306E+02
   0.126863440E-01   0.100000120E+03   0.100000106E+03   0.999980520E+02
   0.128296200E-01   0.999997453E+02   0.999997344E+02   0.999976779E+02
   0.129728960E-01   0.999993740E+02   0.999993655E+02   0.999973075E+02
   0.131161720E-01   0.999990058E+02   0.999989992E+02   0.999969400E+02
   0.132594480E-01   0.999986402E+02   0.999986351E+02   0.999965750E+02
   0.134027240E-01   0.999982768E+02   0.999982728E+02   0.999962120E+02
   0.135460000E-01   0.999979152E+02   0.999979120E+02   0.999958507E+02
   0.135595450E-01   0.100207141E+03   0.100007146E+03   0.100003636E+03
   0.135730900E-01   0.100315851E+03   0.100012047E+03   0.100015596E+03
   0.135866350E-01   0.100387119E+03   0.100015431E+03   0.100028477E+03
   0.136001800E-01   0.100437387E+03   0.100018050E+03   0.100040795E+03
   0.136137250E-01   0.100474188E+03   0.100020236E+03   0.100052037E+03
   0.136272700E-01   0.100501896E+03   0.100022167E+03   0.100062110E+03
   0.136408150E-01   0.100523287E+03   0.100023944E+03   0.100071080E+03
   0.136543600E-01   0.100540192E+03   0.100025622E+03   0.100079070E+03
   0.136679050E-01   0.100553850E+03   0.100027234E+03   0.100086213E+03
   0.136814500E-01   0.100565116E+03   0.100028798E+03   0.100092632E+03
   0.136949950E-01   0.100574587E+03   0.100030325E+03   0.100098436E+03
   0.137085400E-01   0.100582688E+03   0.100031823E+03   0.100103717E+03
   0.137220850E-01   0.100589726E+03   0.100033295E+03   0.100108552E+03
   0.137356300E-01   0.100595929E+03   0.100034744E+03   0.100113005E+03
   0.137491750E-01   0.100601462E+03   0.100036172E+03   0.100117131E+03
   0.137627200E-01   0.100606453E+03   0.100037582E+03   0.100120974E+03
   0.139059960E-01   0.100142343E+03   0.100021033E+03   0.100066627E+03
   0.140492720E-01   0.100056747E+03   0.100017126E+03   0.100038486E+03
   0.141925480E-01   0.100032142E+03   0.100014765E+03   0.100025223E+03
   0.143358240E-01   0.100022197E+03   0.100012888E+03   0.100018149E+03
   0.144791000E-01   0.100016940E+03   0.100011325E+03   0.100013842E+03
   0.146223760E-01   0.100013638E+03   0.100010012E+03   0.100010946E+03
   0.147656520E-01   0.100011338E+03   0.100008900E+03   0.100008858E+03
   0.149089280E-01   0.100009630E+03   0.100007947E+03   0.100007276E+03
   0.150522040E-01   0.100008301E+03   0.100007118E+03   0.100006028E+03
   0.151954800E-01   0.100007229E+03   0.100006387E+03   0.100005011E+03
   0.153387560E-01   0.100006338E+03   0.100005733E+03   0.100004159E+03
   0.154820320E-01   0.100005577E+03   0.100005138E+03   0.100003426E+03
   0.156253080E-01   0.100004911E+03   0.100004590E+03   0.100002780E+03
   0.157685840E-01   0.100004315E+03   0.100004080E+03   0.100002200E+03
   0.159118600E-01   0.100003773E+03   0.100003600E+03   0.100001670E+03
   0.160551360E-01   0.100003272E+03   0.100003143E+03   0.100001177E+03
   0.161984120E-01   0.100002801E+03   0.100002705E+03   0.100000713E+03
   0.163416880E-01   0.100002355E+03   0.100002282E+03   0.100000272E+03
   0.164849640E-01   0.100001927E+03   0.100001872E+03   0.999998478E+02
   0.166282400E-01   0.100001513E+03   0.100001472E+03   0.999994376E+02
   0.167715160E-01   0.100001111E+03   0.100001080E+03   0.999990382E+02
   0.169147920E-01   0.100000719E+03   0.100000695E+03   0.999986475E+02
   0.170580680E-01   0.100000333E+03   0.100000315E+03   0.999982636E+02
   0.172013440E-01   0.999999535E+02   0.999999394E+02   0.999978852E+02
   0.173446200E-01   0.999995786E+02   0.999995677E+02   0.999975113E+02
   0.174878960E-01   0.999992075E+02   0.999991990E+02   0.999971410E+02
   0.176311720E-01   0.999988395E+02   0.999988329E+02   0.999967737E+02
   0.177744480E-01   0.999984741E+02   0.999984690E+02   0.999964089E+02
   0.179177240E-01   0.999981109E+02   0.999981068E+02   0.999960461E+02
   0.180610000E-01   0.999977494E+02   0.999977463E+02   0.999956850E+02
   0.180745450E-01   0.100206975E+03   0.100006981E+03   0.100003470E+03
   0.180880900E-01   0.100315685E+03   0.100011881E+03   0.100015430E+03
   0.181016350E-01   0.100386953E+03   0.100015266E+03   0.100028311E+03
   0.181151800E-01   0.100437222E+03   0.100017884E+03   0.100040629E+03
   0.181287250E-01   0.100474023E+03   0.100020070E+03   0.100051872E+03
   0.181422700E-01   0.100501731E+03   0.100022002E+03   0.100061944E+03
   0.181558150E-01   0.100523121E+03   0.100023778E+03   0.100070914E+03
   0.181693600E-01   0.100540026E+03   0.100025456E+03   0.100078905E+03
   0.181829050E-01   0.100553685E+03   0.100027068E+03   0.100086048E+03
   0.181964500E-01   0.100564950E+03   0.100028632E+03   0.100092467E+03
   0.182099950E-01   0.100574421E+03   0.100030160E+03   0.100098271E+03
   0.182235400E-01   0.100582522E+03   0.100031657E+03   0.100103551E+03
   0.182370850E-01   0.100589561E+03   0.100033129E+03   0.100108386E+03
   0.182506300E-01   0.100595763E+03   0.100034578E+03   0.100112840E+03
   0.182641750E-01   0.100601297E+03   0.100036007E+03   0.100116966E+03
   0.182777200E-01   0.100606288E+03   0.100037416E+03   0.100120808E+03
   0.184209960E-01   0.100142177E+03   0.100020868E+03   0.100066462E+03
   0.185642720E-01   0.100056582E+03   0.100016961E+03   0.100038321E+03
   0.187075480E-01   0.100031977E+03   0.100014600E+03   0.100025058E+03
   0.188508240E-01   0.100022032E+03   0.100012723E+03   0.100017984E+03
   0.189941000E-01   0.100016776E+03   0.100011161E+03   0.100013678E+03
   0.191373760E-01   0.100013473E+03   0.100009848E+03   0.100010782E+03
   0.192806520E-01   0.100011174E+03   0.100008736E+03   0.100008694E+03
   0.194239280E-01   0.100009466E+03   0.100007783E+03   0.100007112E+03
   0.195672040E-01   0.100008137E+03   0.100006954E+03   0.100005864E+03
   0.197104800E-01   0.100007066E+03   0.100006224E+03   0.100004848E+03
   0.198537560E-01   0.100006175E+03   0.100005569E+03   0.100003996E+03
   0.199970320E-01   0.100005413E+03   0.100004975E+03   0.100003263E+03
   0.201403080E-01   0.100004748E+03   0.100004427E+03   0.100002617E+03
   0.202835840E-01   0.100004153E+03   0.100003917E+03   0.100002038E+03
   0.204268600E-01   0.100003611E+03   0.100003437E+03   0.100001507E+03
   0.205701360E-01   0.100003109E+03   0.100002980E+03   0.100001015E+03
   0.207134120E-01   0.100002639E+03   0.100002543E+03   0.100000551E+03
   0.208566880E-01   0.100002193E+03   0.100002120E+03   0.100000110E+03
   0.209999640E-01   0.100001765E+03   0.100001710E+03   0.999996860E+02
   0.211432400E-01   0.100001352E+03   0.100001310E+03   0.999992760E+02
   0.212865160E-01   0.100000950E+03   0.100000919E+03   0.999988768E+02
   0.214297920E-01   0.100000557E+03   0.100000533E+03   0.999984862E+02
   0.215730680E-01   0.100000172E+03   0.100000154E+03   0.999981025E+02
   0.217163440E-01   0.999997926E+02   0.999997785E+02   0.999977243E+02
   0.218596200E-01   0.999994178E+02   0.999994069E+02   0.999973506E+02
   0.220028960E-01   0.999990469E+02   0.999990385E+02   0.999969805E+02
   0.221461720E-01   0.999986791E+02   0.999986726E+02   0.999966134E+02
   0.222894480E-01   0.999983139E+02   0.999983088E+02   0.999962487E+02
   0.224327240E-01   0.999979509E+02   0.999979468E+02   0.999958861E+02
   0.225760000E-01   0.999975896E+02   0.999975864E+02   0.999955253E+02
   0.225895450E-01   0.100206816E+03   0.100006821E+03   0.100003310E+03
   0.226030900E-01   0.100315525E+03   0.100011721E+03   0.100015270E+03
   0.226166350E-01   0.100386794E+03   0.100015106E+03   0.100028151E+03
   0.226301800E-01   0.100437062E+03   0.100017724E+03   0.100040469E+03
   0.226437250E-01   0.100473863E+03   0.100019910E+03   0.100051712E+03
   0.226572700E-01   0.100501571E+03   0.100021842E+03   0.100061785E+03
   0.226708150E-01   0.100522961E+03   0.100023619E+03   0.100070754E+03
   0.226843600E-01   0.100539867E+03   0.100025297E+03   0.100078745E+03
   0.226979050E-01   0.100553525E+03   0.100026909E+03   0.100085888E+03
   0.227114500E-01   0.100564791E+03   0.100028473E+03   0.100092307E+03
   0.227249950E-01   0.100574261E+03   0.100030000E+03   0.100098111E+03
   0.227385400E-01   0.100582362E+03   0.100031498E+03   0.100103392E+03
   0.227520850E-01   0.100589401E+03   0.100032970E+03   0.100108227E+03
   0.227656300E-01   0.100595604E+03   0.100034419E+03   0.100112680E+03
   0.227791750E-01   0.100601137E+03   0.100035847E+03   0.100116806E+03
   0.227927200E-01   0.100606128E+03   0.100037257E+03   0.100120649E+03
   0.229359960E-01   0.100142018E+03   0.100020709E+03   0.100066302E+03
   0.230792720E-01   0.100056423E+03   0.100016802E+03   0.100038162E+03
   0.232225480E-01   0.100031818E+03   0.100014441E+03   0.100024899E+03
   0.233658240E-01   0.100021874E+03   0.100012564E+03   0.100017825E+03
   0.235091000E-01   0.100016617E+03   0.100011002E+03   0.100013519E+03
   0.236523760E-01   0.100013315E+03   0.100009690E+03   0.100010623E+03
   0.237956520E-01   0.100011016E+03   0.100008578E+03   0.100008536E+03
   0.239389280E-01   0.100009308E+03   0.100007625E+03   0.100006954E+03
   0.240822040E-01   0.100007979E+03   0.100006797E+03   0.100005706E+03
   0.242254800E-01   0.100006908E+03   0.100006066E+03   0.100004690E+03
   0.243687560E-01   0.100006017E+03   0.100005412E+03   0.100003838E+03
   0.245120320E-01   0.100005256E+03   0.100004817E+03   0.100003105E+03
   0.246553080E-01   0.100004590E+03   0.100004270E+03   0.100002460E+03
   0.247985840E-01   0.100003996E+03   0.100003760E+03   0.100001881E+03
   0.249418600E-01   0.100003454E+03   0.100003280E+03   0.100001350E+03
   0.250851360E-01   0.100002953E+03   0.100002824E+03   0.100000858E+03
   0.252284120E-01   0.100002483E+03   0.100002386E+03   0.100000395E+03
   0.253716880E-01   0.100002036E+03   0.100001964E+03   0.999999535E+02
   0.255149640E-01   0.100001609E+03   0.100001554E+03   0.999995300E+02
   0.256582400E-01   0.100001196E+03   0.100001154E+03   0.999991201E+02
   0.258015160E-01   0.100000794E+03   0.100000763E+03   0.999987211E+02
   0.259447920E-01   0.100000402E+03   0.100000378E+03   0.999983307E+02
   0.260880680E-01   0.100000017E+03   0.999999984E+02   0.999979472E+02
   0.262313440E-01   0.999996374E+02   0.999996233E+02   0.999975692E+02
   0.263746200E-01   0.999992629E+02   0.999992519E+02   0.999971956E+02
   0.265178960E-01   0.999988921E+02   0.999988837E+02   0.999968257E+02
   0.266611720E-01   0.999985245E+02   0.999985179E+02   0.999964588E+02
   0.268044480E-01   0.999981595E+02   0.999981543E+02   0.999960943E+02
   0.269477240E-01   0.999977966E+02   0.999977926E+02   0.999957319E+02
   0.270910000E-01   0.999974355E+02   0.999974324E+02   0.999953712E+02
